0,9,0,9,0,2,0,9,0,9,0,2,0.238865
0,9,0,9,4,2,0,9,0,9,4,2,-0.0135114
0,9,0,9,8,2,0,9,0,9,8,2,-0.00451959
0,9,0,9,12,2,0,9,0,9,12,2,-0.000538456
0,9,0,9,16,2,0,9,0,9,16,2,-0.000529766
0,9,0,9,0,2,0,5,0,5,0,2,-0.428554
0,9,0,9,4,2,0,5,0,5,4,2,0.0290732
0,9,0,9,8,2,0,5,0,5,8,2,0.00977513
0,9,0,9,4,2,2,3,0,5,4,2,0.0138695
0,9,0,9,4,2,0,5,2,3,4,2,-0.0138695
0,9,0,9,8,2,2,3,0,5,8,2,0.0141898
0,9,0,9,8,2,0,5,2,3,8,2,-0.0141898
0,9,0,9,0,2,2,3,2,3,0,2,-0.508845
0,9,0,9,4,2,2,3,2,3,4,2,0.0414798
0,9,0,9,4,2,2,1,0,5,4,2,0.0238545
0,9,0,9,4,2,0,5,2,1,4,2,0.0238545
0,9,0,9,4,2,2,1,2,3,4,2,-0.0344751
0,9,0,9,4,2,2,3,2,1,4,2,0.0344751
0,9,0,9,0,2,2,1,2,1,0,2,-0.250362
0,5,0,9,4,2,0,5,0,9,4,2,-0.00446663
0,9,0,5,4,2,0,5,0,9,4,2,-0.00446663
0,5,0,9,4,2,0,9,0,5,4,2,-0.00446663
0,9,0,5,4,2,0,9,0,5,4,2,-0.00446663
0,5,0,9,6,2,0,5,0,9,6,2,-0.00227049
0,9,0,5,6,2,0,5,0,9,6,2,0.00227049
0,5,0,9,6,2,0,9,0,5,6,2,0.00227049
0,9,0,5,6,2,0,9,0,5,6,2,-0.00227049
0,5,0,9,8,2,0,5,0,9,8,2,-0.00157775
0,9,0,5,8,2,0,5,0,9,8,2,-0.00157775
0,5,0,9,8,2,0,9,0,5,8,2,-0.00157775
0,9,0,5,8,2,0,9,0,5,8,2,-0.00157775
0,5,0,9,10,2,0,5,0,9,10,2,-0.00332795
0,9,0,5,10,2,0,5,0,9,10,2,0.00332795
0,5,0,9,10,2,0,9,0,5,10,2,0.00332795
0,9,0,5,10,2,0,9,0,5,10,2,-0.00332795
0,5,0,9,12,2,0,5,0,9,12,2,-0.00100164
0,9,0,5,12,2,0,5,0,9,12,2,-0.00100164
0,5,0,9,12,2,0,9,0,5,12,2,-0.00100164
0,9,0,5,12,2,0,9,0,5,12,2,-0.00100164
0,5,0,9,14,2,0,5,0,9,14,2,-0.0167795
0,9,0,5,14,2,0,5,0,9,14,2,0.0167795
0,5,0,9,14,2,0,9,0,5,14,2,0.0167795
0,9,0,5,14,2,0,9,0,5,14,2,-0.0167795
0,5,0,9,6,2,2,3,0,9,6,2,0.00402929
0,9,0,5,6,2,2,3,0,9,6,2,-0.00402929
0,5,0,9,6,2,0,9,2,3,6,2,0.00402929
0,9,0,5,6,2,0,9,2,3,6,2,-0.00402929
0,5,0,9,8,2,2,3,0,9,8,2,-0.000808042
0,9,0,5,8,2,2,3,0,9,8,2,-0.000808042
0,5,0,9,8,2,0,9,2,3,8,2,0.000808042
0,9,0,5,8,2,0,9,2,3,8,2,0.000808042
0,5,0,9,10,2,2,3,0,9,10,2,0.00376067
0,9,0,5,10,2,2,3,0,9,10,2,-0.00376067
0,5,0,9,10,2,0,9,2,3,10,2,0.00376067
0,9,0,5,10,2,0,9,2,3,10,2,-0.00376067
0,5,0,9,12,2,2,3,0,9,12,2,-0.00216631
0,9,0,5,12,2,2,3,0,9,12,2,-0.00216631
0,5,0,9,12,2,0,9,2,3,12,2,0.00216631
0,9,0,5,12,2,0,9,2,3,12,2,0.00216631
0,5,0,9,8,2,2,1,0,9,8,2,-0.00223415
0,9,0,5,8,2,2,1,0,9,8,2,-0.00223415
0,5,0,9,8,2,0,9,2,1,8,2,-0.00223415
0,9,0,5,8,2,0,9,2,1,8,2,-0.00223415
0,5,0,9,10,2,2,1,0,9,10,2,-0.00527895
0,9,0,5,10,2,2,1,0,9,10,2,0.00527895
0,5,0,9,10,2,0,9,2,1,10,2,0.00527895
0,9,0,5,10,2,0,9,2,1,10,2,-0.00527895
0,5,0,5,0,2,0,9,0,9,0,2,-0.402319
0,5,0,5,4,2,0,9,0,9,4,2,0.0612781
0,5,0,5,8,2,0,9,0,9,8,2,0.0183795
0,5,0,5,0,2,0,5,0,5,0,2,0.753904
0,5,0,5,4,2,0,5,0,5,4,2,-0.114467
0,5,0,5,8,2,0,5,0,5,8,2,-0.0322963
0,5,0,5,4,2,2,3,0,5,4,2,-0.0215815
0,5,0,5,4,2,0,5,2,3,4,2,0.0215815
0,5,0,5,8,2,2,3,0,5,8,2,-0.0182616
0,5,0,5,8,2,0,5,2,3,8,2,0.0182616
0,5,0,5,0,2,2,3,2,3,0,2,0.887964
0,5,0,5,4,2,2,3,2,3,4,2,-0.134506
0,5,0,5,4,2,2,1,0,5,4,2,-0.0530541
0,5,0,5,4,2,0,5,2,1,4,2,-0.0530541
0,5,0,5,4,2,2,1,2,3,4,2,0.102603
0,5,0,5,4,2,2,3,2,1,4,2,-0.102603
0,5,0,5,0,2,2,1,2,1,0,2,0.486176
2,3,0,9,6,2,0,5,0,9,6,2,0.00585445
0,9,2,3,6,2,0,5,0,9,6,2,0.00585445
2,3,0,9,6,2,0,9,0,5,6,2,-0.00585445
0,9,2,3,6,2,0,9,0,5,6,2,-0.00585445
2,3,0,9,8,2,0,5,0,9,8,2,-0.000429618
0,9,2,3,8,2,0,5,0,9,8,2,0.000429618
2,3,0,9,8,2,0,9,0,5,8,2,-0.000429618
0,9,2,3,8,2,0,9,0,5,8,2,0.000429618
2,3,0,9,10,2,0,5,0,9,10,2,0.00522958
0,9,2,3,10,2,0,5,0,9,10,2,0.00522958
2,3,0,9,10,2,0,9,0,5,10,2,-0.00522958
0,9,2,3,10,2,0,9,0,5,10,2,-0.00522958
2,3,0,9,12,2,0,5,0,9,12,2,-0.00210964
0,9,2,3,12,2,0,5,0,9,12,2,0.00210964
2,3,0,9,12,2,0,9,0,5,12,2,-0.00210964
0,9,2,3,12,2,0,9,0,5,12,2,0.00210964
2,3,0,9,6,2,2,3,0,9,6,2,-0.0188308
0,9,2,3,6,2,2,3,0,9,6,2,-0.0188308
2,3,0,9,6,2,0,9,2,3,6,2,-0.0188308
0,9,2,3,6,2,0,9,2,3,6,2,-0.0188308
2,3,0,9,8,2,2,3,0,9,8,2,0.000230096
0,9,2,3,8,2,2,3,0,9,8,2,-0.000230096
2,3,0,9,8,2,0,9,2,3,8,2,-0.000230096
0,9,2,3,8,2,0,9,2,3,8,2,0.000230096
2,3,0,9,10,2,2,3,0,9,10,2,-0.0067849
0,9,2,3,10,2,2,3,0,9,10,2,-0.0067849
2,3,0,9,10,2,0,9,2,3,10,2,-0.0067849
0,9,2,3,10,2,0,9,2,3,10,2,-0.0067849
2,3,0,9,12,2,2,3,0,9,12,2,-0.00202921
0,9,2,3,12,2,2,3,0,9,12,2,0.00202921
2,3,0,9,12,2,0,9,2,3,12,2,0.00202921
0,9,2,3,12,2,0,9,2,3,12,2,-0.00202921
2,3,0,9,8,2,2,1,0,9,8,2,-0.000655331
0,9,2,3,8,2,2,1,0,9,8,2,0.000655331
2,3,0,9,8,2,0,9,2,1,8,2,-0.000655331
0,9,2,3,8,2,0,9,2,1,8,2,0.000655331
2,3,0,9,10,2,2,1,0,9,10,2,0.00690956
0,9,2,3,10,2,2,1,0,9,10,2,0.00690956
2,3,0,9,10,2,0,9,2,1,10,2,-0.00690956
0,9,2,3,10,2,0,9,2,1,10,2,-0.00690956
2,3,0,5,4,2,0,9,0,9,4,2,0.0181559
0,5,2,3,4,2,0,9,0,9,4,2,-0.0181559
2,3,0,5,8,2,0,9,0,9,8,2,0.0227029
0,5,2,3,8,2,0,9,0,9,8,2,-0.0227029
2,3,0,5,4,2,0,5,0,5,4,2,-0.0223445
0,5,2,3,4,2,0,5,0,5,4,2,0.0223445
2,3,0,5,8,2,0,5,0,5,8,2,-0.0396135
0,5,2,3,8,2,0,5,0,5,8,2,0.0396135
2,3,0,5,2,2,2,3,0,5,2,2,-0.0125958
0,5,2,3,2,2,2,3,0,5,2,2,-0.0125958
2,3,0,5,2,2,0,5,2,3,2,2,-0.0125958
0,5,2,3,2,2,0,5,2,3,2,2,-0.0125958
2,3,0,5,4,2,2,3,0,5,4,2,-0.0250078
0,5,2,3,4,2,2,3,0,5,4,2,0.0250078
2,3,0,5,4,2,0,5,2,3,4,2,0.0250078
0,5,2,3,4,2,0,5,2,3,4,2,-0.0250078
2,3,0,5,6,2,2,3,0,5,6,2,-0.0228483
0,5,2,3,6,2,2,3,0,5,6,2,-0.0228483
2,3,0,5,6,2,0,5,2,3,6,2,-0.0228483
0,5,2,3,6,2,0,5,2,3,6,2,-0.0228483
2,3,0,5,8,2,2,3,0,5,8,2,-0.0261937
0,5,2,3,8,2,2,3,0,5,8,2,0.0261937
2,3,0,5,8,2,0,5,2,3,8,2,0.0261937
0,5,2,3,8,2,0,5,2,3,8,2,-0.0261937
2,3,0,5,4,2,2,3,2,3,4,2,-0.0226285
0,5,2,3,4,2,2,3,2,3,4,2,0.0226285
2,3,0,5,4,2,2,1,0,5,4,2,-0.0369194
0,5,2,3,4,2,2,1,0,5,4,2,0.0369194
2,3,0,5,4,2,0,5,2,1,4,2,-0.0369194
0,5,2,3,4,2,0,5,2,1,4,2,0.0369194
2,3,0,5,6,2,2,1,0,5,6,2,-0.00317978
0,5,2,3,6,2,2,1,0,5,6,2,-0.00317978
2,3,0,5,6,2,0,5,2,1,6,2,0.00317978
0,5,2,3,6,2,0,5,2,1,6,2,0.00317978
2,3,0,5,2,2,2,1,2,3,2,2,0.00658262
0,5,2,3,2,2,2,1,2,3,2,2,0.00658262
2,3,0,5,2,2,2,3,2,1,2,2,0.00658262
0,5,2,3,2,2,2,3,2,1,2,2,0.00658262
2,3,0,5,4,2,2,1,2,3,4,2,0.02947
0,5,2,3,4,2,2,1,2,3,4,2,-0.02947
2,3,0,5,4,2,2,3,2,1,4,2,-0.02947
0,5,2,3,4,2,2,3,2,1,4,2,0.02947
2,3,2,3,0,2,0,9,0,9,0,2,-0.425591
2,3,2,3,4,2,0,9,0,9,4,2,0.0831262
2,3,2,3,0,2,0,5,0,5,0,2,0.77548
2,3,2,3,4,2,0,5,0,5,4,2,-0.177481
2,3,2,3,4,2,2,3,0,5,4,2,-0.0462331
2,3,2,3,4,2,0,5,2,3,4,2,0.0462331
2,3,2,3,0,2,2,3,2,3,0,2,0.793837
2,3,2,3,4,2,2,3,2,3,4,2,-0.164088
2,3,2,3,4,2,2,1,0,5,4,2,-0.0831854
2,3,2,3,4,2,0,5,2,1,4,2,-0.0831854
2,3,2,3,4,2,2,1,2,3,4,2,0.107488
2,3,2,3,4,2,2,3,2,1,4,2,-0.107488
2,3,2,3,0,2,2,1,2,1,0,2,0.392426
2,1,0,9,8,2,0,5,0,9,8,2,-0.00142319
0,9,2,1,8,2,0,5,0,9,8,2,-0.00142319
2,1,0,9,8,2,0,9,0,5,8,2,-0.00142319
0,9,2,1,8,2,0,9,0,5,8,2,-0.00142319
2,1,0,9,10,2,0,5,0,9,10,2,-0.00407238
0,9,2,1,10,2,0,5,0,9,10,2,0.00407238
2,1,0,9,10,2,0,9,0,5,10,2,0.00407238
0,9,2,1,10,2,0,9,0,5,10,2,-0.00407238
2,1,0,9,8,2,2,3,0,9,8,2,-0.000656871
0,9,2,1,8,2,2,3,0,9,8,2,-0.000656871
2,1,0,9,8,2,0,9,2,3,8,2,0.000656871
0,9,2,1,8,2,0,9,2,3,8,2,0.000656871
2,1,0,9,10,2,2,3,0,9,10,2,0.00368101
0,9,2,1,10,2,2,3,0,9,10,2,-0.00368101
2,1,0,9,10,2,0,9,2,3,10,2,0.00368101
0,9,2,1,10,2,0,9,2,3,10,2,-0.00368101
2,1,0,9,8,2,2,1,0,9,8,2,-0.000868251
0,9,2,1,8,2,2,1,0,9,8,2,-0.000868251
2,1,0,9,8,2,0,9,2,1,8,2,-0.000868251
0,9,2,1,8,2,0,9,2,1,8,2,-0.000868251
2,1,0,9,10,2,2,1,0,9,10,2,-0.00272845
0,9,2,1,10,2,2,1,0,9,10,2,0.00272845
2,1,0,9,10,2,0,9,2,1,10,2,0.00272845
0,9,2,1,10,2,0,9,2,1,10,2,-0.00272845
2,1,0,5,4,2,0,9,0,9,4,2,0.0237665
0,5,2,1,4,2,0,9,0,9,4,2,0.0237665
2,1,0,5,4,2,0,5,0,5,4,2,-0.0431155
0,5,2,1,4,2,0,5,0,5,4,2,-0.0431155
2,1,0,5,4,2,2,3,0,5,4,2,-0.0212995
0,5,2,1,4,2,2,3,0,5,4,2,-0.0212995
2,1,0,5,4,2,0,5,2,3,4,2,0.0212995
0,5,2,1,4,2,0,5,2,3,4,2,0.0212995
2,1,0,5,6,2,2,3,0,5,6,2,0.000692716
0,5,2,1,6,2,2,3,0,5,6,2,-0.000692716
2,1,0,5,6,2,0,5,2,3,6,2,0.000692716
0,5,2,1,6,2,0,5,2,3,6,2,-0.000692716
2,1,0,5,4,2,2,3,2,3,4,2,-0.0473659
0,5,2,1,4,2,2,3,2,3,4,2,-0.0473659
2,1,0,5,4,2,2,1,0,5,4,2,-0.0310978
0,5,2,1,4,2,2,1,0,5,4,2,-0.0310978
2,1,0,5,4,2,0,5,2,1,4,2,-0.0310978
0,5,2,1,4,2,0,5,2,1,4,2,-0.0310978
2,1,0,5,6,2,2,1,0,5,6,2,-0.00544062
0,5,2,1,6,2,2,1,0,5,6,2,0.00544062
2,1,0,5,6,2,0,5,2,1,6,2,0.00544062
0,5,2,1,6,2,0,5,2,1,6,2,-0.00544062
2,1,0,5,4,2,2,1,2,3,4,2,0.0332033
0,5,2,1,4,2,2,1,2,3,4,2,0.0332033
2,1,0,5,4,2,2,3,2,1,4,2,-0.0332033
0,5,2,1,4,2,2,3,2,1,4,2,-0.0332033
2,1,2,3,4,2,0,9,0,9,4,2,-0.0363252
2,3,2,1,4,2,0,9,0,9,4,2,0.0363252
2,1,2,3,4,2,0,5,0,5,4,2,0.0804669
2,3,2,1,4,2,0,5,0,5,4,2,-0.0804669
2,1,2,3,2,2,2,3,0,5,2,2,0.00741011
2,3,2,1,2,2,2,3,0,5,2,2,0.00741011
2,1,2,3,2,2,0,5,2,3,2,2,0.00741011
2,3,2,1,2,2,0,5,2,3,2,2,0.00741011
2,1,2,3,4,2,2,3,0,5,4,2,0.0285341
2,3,2,1,4,2,2,3,0,5,4,2,-0.0285341
2,1,2,3,4,2,0,5,2,3,4,2,-0.0285341
2,3,2,1,4,2,0,5,2,3,4,2,0.0285341
2,1,2,3,4,2,2,3,2,3,4,2,0.0619592
2,3,2,1,4,2,2,3,2,3,4,2,-0.0619592
2,1,2,3,4,2,2,1,0,5,4,2,0.0350671
2,3,2,1,4,2,2,1,0,5,4,2,-0.0350671
2,1,2,3,4,2,0,5,2,1,4,2,0.0350671
2,3,2,1,4,2,0,5,2,1,4,2,-0.0350671
2,1,2,3,2,2,2,1,2,3,2,2,-0.00654953
2,3,2,1,2,2,2,1,2,3,2,2,-0.00654953
2,1,2,3,2,2,2,3,2,1,2,2,-0.00654953
2,3,2,1,2,2,2,3,2,1,2,2,-0.00654953
2,1,2,3,4,2,2,1,2,3,4,2,-0.0536046
2,3,2,1,4,2,2,1,2,3,4,2,0.0536046
2,1,2,3,4,2,2,3,2,1,4,2,0.0536046
2,3,2,1,4,2,2,3,2,1,4,2,-0.0536046
2,1,2,1,0,2,0,9,0,9,0,2,-0.18853
2,1,2,1,0,2,0,5,0,5,0,2,0.367761
2,1,2,1,0,2,2,3,2,3,0,2,0.376653
2,1,2,1,0,2,2,1,2,1,0,2,0.226792
